function value = Keq(T)
% k1 = 4.76*10^4*exp(-59774/(8.314*T));
% k2 = 1.63*10^4*exp(59774/(8.314*T));
value = 2.32*exp(782.98/T);